$ANSIBLE_VAULT;1.1;AES256
35626234393737343231303631313333666165376137393637613239373231346334346333613434
3463363832633063653337373765303833316435336234370a316164306238386130386334643037
66396233383132333366393363306631613930393265336539353562343362323830313735393533
3633346138616539310a323138663035393366373064323136663938653936363239333637353361
64613234326535366339343434643466656165643833666432356439616665393238373833333235
64666661653835393037616637633462633432353166626633646461663363373637666337306565
63343439306263303766343563363936356131336464323165306263326639386434333439396461
35626537323964653831396466393633313466626233366165356465633361336361633037336136
65666261326332313831353736393731623331333063646665626632383037393030376661336664
31656365363430616263613864343561383837333164656530363838363065323662313733306633
61623531643537343136663537666235636635396631663431646634366265353531383566666538
65316130393633653932373735393737386437316465313733636363353862653938393837323635
63666565663361353034316661306530653163613662306234393663373261306237663433333530
38613465613130646132353762353039373135653437646530616365333930343835623163346534
39613738356638383732383866376535353331613936303132306131663039326565316137613530
65356230653064326466626132663266393738636161313435653364356362313735363935626463
38633536616638623133613035313361303261636435376530376463373937656639363266396234
34643162306562393965336261623237633833626165366336323431656536646130356639343435
35376265346334393666383436366364616632663662306632396138373430363939643834383732
39363338373838613066353263333134323034643434356461323363373731393539643734376665
62653333623862326333356564396430626366386431366564333865376363393538613563373839
65363564363437653661636463613337333039386433633766323636623837633366333636633838
61383237363537396364383563313136363032623666393337346464363039663466616630326633
39333531356134326332
