$ANSIBLE_VAULT;1.1;AES256
39323365643333353339323565613563366531306536643538366136363033643761323463393939
3231353565373639613936373138636466393030656238350a623532343665613763633935623263
61646338666563636666333134343335396133363937626338666636653463656130363761346261
3337356438616136340a383463626334333831323131363561623333666638653565336239373436
61353861383939653738393833333530626262646563363233333134623734303562653933393662
31366538623466396166653564346165663565363234376366376530386333626237613930656538
32363335656638646437643463363539356533376461323962373266363039363465646362636333
37353232613532396161373934363431656266663231363064623566336632326636663432383363
62666334343236306363316633343931386534663734666334303335316161343938343932373065
63323432633936643339626661363464386633303561393238373065323632313562366435623264
65333935303364396361623036393865653239623164613163373464643034316564303766316431
31613866393437663361653931646466646238396639663730313039373238366664323866383962
35633239393234633939373439373337303761386562323661663931366138333938
